426265
426282
426740
427489
428267
429143
429941
431463
432021
434017
435858
436915
439782
440804
442791
444348
446032
446840
447723
450944
455912
460666
461821
462514
464273
465174
466221
467225
471138
472588
471952
473414
474260
474265
475959
476643
477365
478192
479171
481908
482658
483380
484138
468213
469274
470156
479883
481148
484219
484271
484604
485140
485774
486249
486536
6478
6845
6849
6906
6970
7349
7489
7514
7810
8053
8137
8369
8393
8471
8624
8799
9042
9103
9266
9373
9588
9712
9788
9946
10076
10192
10325
10513
10651
10772
10975
11211
11355
11651
11824
12003
12288
12472
12629
12806
9014
12188
12963
246730
14252
14254
14256
14405
14406
14642
14653
17921
18119
23132
39712
39724
40008
40092
40366
40466
40583
40906
41017
41154
41217
41366
41607
41769
41876
42076
42154
42493
42698
42819
44245
64392
64948
65287
67351
67775
68316
68636
68964
69214
69678
69890
70211
70519
70876
71056
71499
71606
72281
72693
73156
73477
73790
83596
114197
74278
224358
70844
71139
71840
72163
72243
73036
73511
73834
75129
75662
75807
76183
76481
76822
77129
77474
77849
78186
78457
78790
79441
79915
80393
80868
81009
81105
81374
81673
81941
82296
82661
82919
83200
83593
83948
84292
84575
84949
85194
85562
86014
86326
86766
87097
87337
87657
88078
88408
88774
89279
89431
89745
90112
74296
74717
79048
90384
224543
282984
282995
283007
283436
284554
285238
286276
287138
288704
289421
290055
291627
292041
293272
293510
293764
294319
295084
295965
296654
297552
298392
301723
420765
420777
422016
423075
423966
424175
424215
424503
425333
426067
426696
427445
428142
429098
429877
431399
432014
467906
93915
94311
94929
94972
95521
95897
96570
96597
97462
97764
98411
98658
98998
99275
99828
100105
100532
100914
101288
101521
101855
102562
103358
103834
104265
105083
105103
104689
106098
106821
107929
108350
108661
109128
110085
110734
111296
111814
113067
113533
114616
116493
116496
118140
119616
118803
237189
480086
480101
480844
481600
483912
483910
483907
482413
483022
483920
483951
485565
486134
486912
487864
399839
399866
400314
400379
402223
404391
405387
406284
406556
407901
408491
408857
409927
410666
411558
412164
413038
413997
417936
418672
415563
416264
416276
420285
420759
421736
422625
422627
414582
419664
423388
423390
423423
424827
425404
426420
427126
427537
428471
428474
429370
431791
432737
434382
436330
437870
464431
99635
100405
100859
101104
101697
102111
102541
103349
103782
103944
104637
105486
105643
106250
107143
107401
108342
108907
109227
109695
110492
111180
111444
112023
112298
113669
116031
116766
118101
118746
119044
120351
125429
126169
127873
135697
136546
137050
128758
129827
131660
132412
132851
134595
138317
138936
140500
141606
143939
216546
298557
298691
298623
299117
300483
301251
301707
303292
304275
304535
306246
306996
307580
308699
309891
310599
470900
470952
470988
471610
472481
472859
473867
473914
475075
475643
475677
475700
477125
477933
477970
478453
479699
479745
483604
483655
485497
485865
486460
486504
7729
8104
8299
8440
8527
8670
8782
8957
8951
8965
9421
9423
9847
9922
10106
10112
10436
10437
10544
10998
11785
11801
12324
12451
12755
12757
13077
13080
9298
9702
9926
10423
10961
11632
12179
12460
13074
10551
13561
13701
13883
248805
73248
73270
73397
73574
73756
73971
74612
75056
75463
75780
76001
76307
76787
77059
77263
77664
78068
78273
78659
79072
79294
79762
79975
80712
80983
81018
81390
81591
81896
82333
82628
82943
83034
83471
83915
84086
84499
84933
85158
85577
85987
86237
86582
87071
87240
87636
74345
88089
246297
7398
7581
7724
7772
8015
8094
8386
8445
8590
8729
8924
8975
9141
9293
9410
9492
9688
9707
9895
9938
10085
10098
10386
10534
10742
10755
10978
10994
11324
11465
11643
11940
12230
12388
12512
12521
12819
12991
12996
13099
13124
13520
13847
14028
14194
14381
17846
17862
87289
14553
14384
426265
426282
426740
427489
428267
429143
429941
431463
432021
434017
435858
436915
439782
440804
442791
444348
446032
446840
447723
450944
455912
460666
461821
462514
464273
465174
466221
467225
471138
472588
471952
473414
474260
474265
475959
476643
477365
478192
479171
481908
482658
483380
484138
468213
469274
470156
479883
481148
484219
484271
484604
485140
485774
486249
486536
6478
6845
6849
6906
6970
7349
7489
7514
7810
8053
8137
8369
8393
8471
8624
8799
9042
9103
9266
9373
9588
9712
9788
9946
10076
10192
10325
10513
10651
10772
10975
11211
11355
11651
11824
12003
12288
12472
12629
12806
9014
12188
12963
246730
14252
14254
14256
14405
14406
14642
14653
17921
18119
23132
39712
39724
40008
40092
40366
40466
40583
40906
41017
41154
41217
41366
41607
41769
41876
42076
42154
42493
42698
42819
44245
64392
64948
65287
67351
67775
68316
68636
68964
69214
69678
69890
70211
70519
70876
71056
71499
71606
72281
72693
73156
73477
73790
83596
114197
74278
224358
70844
71139
71840
72163
72243
73036
73511
73834
75129
75662
75807
76183
76481
76822
77129
77474
77849
78186
78457
78790
79441
79915
80393
80868
81009
81105
81374
81673
81941
82296
82661
82919
83200
83593
83948
84292
84575
84949
85194
85562
86014
86326
86766
87097
87337
87657
88078
88408
88774
89279
89431
89745
90112
74296
74717
79048
90384
224543
282984
282995
283007
283436
284554
285238
286276
287138
288704
289421
290055
291627
292041
293272
293510
293764
294319
295084
295965
296654
297552
298392
301723
420765
420777
422016
423075
423966
424175
424215
424503
425333
426067
426696
427445
428142
429098
429877
431399
432014
467906
93915
94311
94929
94972
95521
95897
96570
96597
97462
97764
98411
98658
98998
99275
99828
100105
100532
100914
101288
101521
101855
102562
103358
103834
104265
105083
105103
104689
106098
106821
107929
108350
108661
109128
110085
110734
111296
111814
113067
113533
114616
116493
116496
118140
119616
118803
237189
480086
480101
480844
481600
483912
483910
483907
482413
483022
483920
483951
485565
486134
486912
487864
399839
399866
400314
400379
402223
404391
405387
406284
406556
407901
408491
408857
409927
410666
411558
412164
413038
413997
417936
418672
415563
416264
416276
420285
420759
421736
422625
422627
414582
419664
423388
423390
423423
424827
425404
426420
427126
427537
428471
428474
429370
431791
432737
434382
436330
437870
464431
99635
100405
100859
101104
101697
102111
102541
103349
103782
103944
104637
105486
105643
106250
107143
107401
108342
108907
109227
109695
110492
111180
111444
112023
112298
113669
116031
116766
118101
118746
119044
120351
125429
126169
127873
135697
136546
137050
128758
129827
131660
132412
132851
134595
138317
138936
140500
141606
143939
216546
298557
298691
298623
299117
300483
301251
301707
303292
304275
304535
306246
306996
307580
308699
309891
310599
470900
470952
470988
471610
472481
472859
473867
473914
475075
475643
475677
475700
477125
477933
477970
478453
479699
479745
483604
483655
485497
485865
486460
486504
7729
8104
8299
8440
8527
8670
8782
8957
8951
8965
9421
9423
9847
9922
10106
10112
10436
10437
10544
10998
11785
11801
12324
12451
12755
12757
13077
13080
9298
9702
9926
10423
10961
11632
12179
12460
13074
10551
13561
13701
13883
248805
73248
73270
73397
73574
73756
73971
74612
75056
75463
75780
76001
76307
76787
77059
77263
77664
78068
78273
78659
79072
79294
79762
79975
80712
80983
81018
81390
81591
81896
82333
82628
82943
83034
83471
83915
84086
84499
84933
85158
85577
85987
86237
86582
87071
87240
87636
74345
88089
246297
7398
7581
7724
7772
8015
8094
8386
8445
8590
8729
8924
8975
9141
9293
9410
9492
9688
9707
9895
9938
10085
10098
10386
10534
10742
10755
10978
10994
11324
11465
11643
11940
12230
12388
12512
12521
12819
12991
12996
13099
13124
13520
13847
14028
14194
14381
17846
17862
87289
14553
14384
8053
73036
107929
104265
304275
76787
471952
484604
420285
118746
427445
309891
81941
471138
10386
8729
85194
18119
8975
420765
78273
111814
427489
246730
94311
76481
14254
416276
77664
39724
10098
73790
412164
78068
89431
308699
84086
118140
14194
10423
483380
65287
455912
73511
485774
42698
9922
10994
483951
224543
482658
88408
428142
132412
10192
75129
13847
301707
423075
103358
481600
477125
73270
85987
7489
432021
429877
419664
87071
246297
474265
134595
105103
78659
14406
90384
307580
11643
137050
420777
81374
11465
10961
11651
423966
68316
97462
118803
83593
41217
413997
84933
128758
9847
101104
400314
110085
485140
8445
94929
436330
8386
484219
10325
237189
14252
414582
415563
102541
120351
88078
8015
82628
478192
460666
8393
434017
306996
9588
9938
293510
284554
23132
9293
12629
104689
11824
77263
429098
85577
477970
105643
9712
8471
487864
72163
87657
306246
44245
421736
81390
82943
74717
75807
81673
287138
10513
75662
424503
483655
444348
408491
475677
447723
469274
283436
100914
94972
109128
90112
427126
76822
431463
486536
99828
41366
41154
70876
12179
475643
483604
410666
79072
402223
69890
446032
83034
14381
79294
292041
406284
42154
13074
79048
282995
87337
12451
476643
74278
96570
10076
73156
6478
224358
411558
6970
101288
10978
71139
76001
465174
118101
89745
473414
408857
119616
417936
64948
14653
108907
64392
8527
10975
136546
79762
483912
9103
10742
17862
7514
479883
84949
428267
14256
68636
116766
423423
85562
470156
14642
283007
291627
9421
81018
116493
299117
436915
426265
104637
477933
10106
485865
82296
10772
406556
486504
288704
114616
98658
7724
75463
114197
86582
67775
426067
108661
431791
446840
475959
41607
83915
87636
84499
68964
97764
14384
70844
106250
72693
409927
8951
470952
138317
73477
481908
141606
93915
479745
8624
13520
129827
429941
405387
107143
8965
87097
81105
73397
127873
13883
282984
12460
13124
450944
293764
437870
99635
480844
7581
12963
40466
12188
100105
126169
304535
14553
40366
479171
9946
40092
298623
102562
8782
461821
6906
83200
9926
484271
413038
12512
75780
10651
481148
103834
432014
471610
102111
466221
9410
79441
74345
82333
108350
483907
10544
111296
428474
7810
10112
407901
73834
100405
11324
42819
432737
84575
76183
113669
101521
11785
442791
80712
41769
8094
429370
473914
109695
40906
13099
9141
76307
14405
486249
73248
294319
310599
7398
12819
464431
468213
298691
13701
12388
12755
12324
426740
9492
485497
483022
10085
17846
425333
9707
472859
6845
290055
81896
298557
103349
107401
72243
98998
86326
69678
286276
9423
11801
11355
83948
113067
83596
404391
8799
143939
13561
99275
98411
480086
303292
12757
77474
79975
109227
13080
70211
8440
428471
9298
106098
7729
73574
474260
12996
12806
12288
82661
81591
425404
119044
482413
77059
483920
9266
86766
71499
8590
88089
12521
103944
88774
9895
85158
422625
100532
74296
80868
82919
81009
70519
80393
71840
424215
67351
301723
7349
10437
486460
479699
71056
78790
14028
116031
8369
435858
472481
8957
10534
10436
423390
426282
95897
101855
434382
248805
8299
108342
11632
17921
101697
301251
485565
40583
105486
96597
105083
424827
103782
426696
74612
112298
484138
472588
464273
9014
486912
467906
83471
125429
7772
116496
478453
79915
86237
483910
132851
9688
289421
135697
80983
6849
87240
431399
9788
73971
42076
112023
10998
77849
39712
298392
416264
429143
89279
111444
140500
295084
440804
462514
422627
86014
293272
427537
111180
12991
9042
477365
71606
78457
399839
418672
295965
41017
10551
426420
9373
84292
100859
41876
69214
8137
470988
87289
95521
470900
11940
480101
216546
72281
12230
8924
131660
399866
42493
285238
13077
113533
439782
400379
423388
138936
10755
110492
110734
78186
473867
422016
11211
73756
467225
12472
475075
9702
297552
40008
420759
486134
75056
8670
300483
296654
8104
106821
12003
475700
77129
424175
8053
73036
107929
104265
304275
76787
471952
484604
420285
118746
427445
309891
81941
471138
10386
8729
85194
18119
8975
420765
78273
111814
427489
246730
94311
76481
14254
416276
77664
39724
10098
73790
412164
78068
89431
308699
84086
118140
14194
10423
483380
65287
455912
73511
485774
42698
9922
10994
483951
224543
482658
88408
428142
132412
10192
75129
13847
301707
423075
103358
481600
477125
73270
85987
7489
432021
429877
419664
87071
246297
474265
134595
105103
78659
14406
90384
307580
11643
137050
420777
81374
11465
10961
11651
423966
68316
97462
118803
83593
41217
413997
84933
128758
9847
101104
400314
110085
485140
8445
94929
436330
8386
484219
10325
237189
14252
414582
415563
102541
120351
88078
8015
82628
478192
460666
8393
434017
306996
9588
9938
293510
284554
23132
9293
12629
104689
11824
77263
429098
85577
477970
105643
9712
8471
487864
72163
87657
306246
44245
421736
81390
82943
74717
75807
81673
287138
10513
75662
424503
483655
444348
408491
475677
447723
469274
283436
100914
94972
109128
90112
427126
76822
431463
486536
99828
41366
41154
70876
12179
475643
483604
410666
79072
402223
69890
446032
83034
14381
79294
292041
406284
42154
13074
79048
282995
87337
12451
476643
74278
96570
10076
73156
6478
224358
411558
6970
101288
10978
71139
76001
465174
118101
89745
473414
408857
119616
417936
64948
14653
108907
64392
8527
10975
136546
79762
483912
9103
10742
17862
7514
479883
84949
428267
14256
68636
116766
423423
85562
470156
14642
283007
291627
9421
81018
116493
299117
436915
426265
104637
477933
10106
485865
82296
10772
406556
486504
288704
114616
98658
7724
75463
114197
86582
67775
426067
108661
431791
446840
475959
41607
83915
87636
84499
68964
97764
14384
70844
106250
72693
409927
8951
470952
138317
73477
481908
141606
93915
479745
8624
13520
129827
429941
405387
107143
8965
87097
81105
73397
127873
13883
282984
12460
13124
450944
293764
437870
99635
480844
7581
12963
40466
12188
100105
126169
304535
14553
40366
479171
9946
40092
298623
102562
8782
461821
6906
83200
9926
484271
413038
12512
75780
10651
481148
103834
432014
471610
102111
466221
9410
79441
74345
82333
108350
483907
10544
111296
428474
7810
10112
407901
73834
100405
11324
42819
432737
84575
76183
113669
101521
11785
442791
80712
41769
8094
429370
473914
109695
40906
13099
9141
76307
14405
486249
73248
294319
310599
7398
12819
464431
468213
298691
13701
12388
12755
12324
426740
9492
485497
483022
10085
17846
425333
9707
472859
6845
290055
81896
298557
103349
107401
72243
98998
86326
69678
286276
9423
11801
11355
83948
113067
83596
404391
8799
143939
13561
99275
98411
480086
303292
12757
77474
79975
109227
13080
70211
8440
428471
9298
106098
7729
73574
474260
12996
12806
12288
82661
81591
425404
119044
482413
77059
483920
9266
86766
71499
8590
88089
12521
103944
88774
9895
85158
422625
100532
74296
80868
82919
81009
70519
80393
71840
424215
67351
301723
7349
10437
486460
479699
71056
78790
14028
116031
8369
435858
472481
8957
10534
10436
423390
426282
95897
101855
434382
248805
8299
108342
11632
17921
101697
301251
485565
40583
105486
96597
105083
424827
103782
426696
74612
112298
484138
472588
464273
9014
486912
467906
83471
125429
7772
116496
478453
79915
86237
483910
132851
9688
289421
135697
80983
6849
87240
431399
9788
73971
42076
112023
10998
77849
39712
298392
416264
429143
89279
111444
140500
295084
440804
462514
422627
86014
293272
427537
111180
12991
9042
477365
71606
78457
399839
418672
295965
41017
10551
426420
9373
84292
100859
41876
69214
8137
470988
87289
95521
470900
11940
480101
216546
72281
12230
8924
131660
399866
42493
285238
13077
113533
439782
400379
423388
138936
10755
110492
110734
78186
473867
422016
11211
73756
467225
12472
475075
9702
297552
40008
420759
486134
75056
8670
300483
296654
8104
106821
12003
475700
77129
424175
8924
78457
296654
474265
83948
426420
298557
73574
126169
98411
424827
6906
93915
75129
78273
73834
39724
112298
110734
446840
69678
103349
13847
427126
310599
73248
12991
107143
107929
129827
14194
287138
417936
134595
75056
41876
474260
309891
82943
84949
485497
113533
128758
42698
485865
85194
95897
72693
10534
431791
12230
416276
118803
143939
485565
41017
40906
13883
477933
73270
465174
485774
77474
11465
88774
481600
41769
477125
95521
404391
90112
8369
70519
86326
84933
426696
427445
285238
40008
80712
12388
77129
108350
102562
83200
304535
8951
85987
481908
10436
87097
299117
429941
79975
103944
224543
11643
473914
17921
42493
12472
6478
248805
425333
479171
8975
81105
467225
70876
467906
432021
419664
8782
7398
424503
424175
472859
81390
86766
406284
75780
81941
11651
466221
64392
9373
306996
461821
40092
82661
9712
9895
120351
64948
118101
111296
289421
293272
101697
103782
301251
306246
10098
486249
17862
483022
12288
14642
9702
108907
283007
10325
294319
462514
6845
480101
112023
10961
74296
10513
292041
9922
422016
422627
41154
110085
96597
8527
88078
416264
9423
12629
8471
82628
77059
460666
11801
77263
108342
427537
246730
105643
11940
483910
12003
436915
84575
73036
413038
426067
423075
104689
10755
464431
17846
475700
10651
76183
73971
9707
79048
484219
108661
81374
14553
65287
67351
131660
71840
127873
12996
72281
408857
82919
436330
8965
40366
12460
13701
14405
101288
76001
300483
70844
473867
479699
88089
98998
437870
9410
103834
8957
412164
423388
76822
479745
100859
440804
125429
12757
79441
69890
10192
424215
477365
420777
12963
284554
87289
136546
427489
483380
10544
74345
14653
483655
10998
13124
100405
420759
482413
8393
290055
12806
476643
298392
7349
9014
14254
138317
442791
8053
78068
486504
132851
110492
71056
72163
13561
237189
475959
8590
301723
100532
9141
11355
282984
79294
12755
106098
141606
119616
435858
76307
487864
77664
100105
307580
100914
39712
84499
429877
40583
68964
6849
216546
14381
444348
11324
426282
429098
432737
119044
13074
75662
118140
79072
10423
107401
480086
83034
293764
475643
14256
295084
103358
135697
8094
420765
23132
116766
113067
78186
486460
431399
111180
11632
410666
8104
87240
9788
114197
75807
85158
87657
423423
86014
98658
478453
428267
14252
446032
84292
105083
86582
73156
8137
293510
42076
399839
8670
41366
73790
99635
8386
89431
428142
297552
104265
301707
470952
7489
428474
78659
82333
86237
9421
426265
74278
83596
89745
407901
413997
73477
111814
428471
75463
90384
286276
87636
414582
101104
80983
473414
77849
480844
80868
8624
111444
12512
471952
426740
447723
455912
12521
405387
484271
76787
9938
7724
68316
423966
464273
409927
8015
472481
14406
13520
295965
96570
97462
99828
429143
114616
118746
73511
41607
483951
408491
304275
246297
88408
483907
10386
97764
9688
94972
79762
113669
99275
8445
79915
10085
87337
224358
298691
283436
68636
434017
434382
13080
41217
10994
422625
423390
87071
486912
82296
468213
109695
140500
415563
486536
89279
483912
484138
9042
94311
8440
12451
14384
76481
439782
483920
8799
106821
14028
7810
71139
102541
85562
432014
10076
470156
101521
479883
12819
483604
298623
81673
105486
10437
471138
11824
9847
282995
74612
431463
9103
402223
420285
71499
9588
425404
7772
450944
9946
81018
84086
9293
80393
7514
71606
472588
81896
10106
83593
7581
73397
471610
400314
67775
291627
10742
101855
10551
102111
7729
12324
406556
478192
85577
138936
484604
73756
399866
10112
486134
418672
106250
137050
10975
10978
42154
10772
104637
485140
74717
42819
9298
83915
477970
8299
109128
9492
105103
13077
469274
11211
470900
411558
303292
9926
481148
308699
116496
475677
429370
470988
288704
109227
482658
83471
8729
13099
11785
400379
132412
6970
81009
78790
70211
94929
475075
40466
69214
81591
421736
12179
12188
9266
72243
116493
18119
44245
116031
340380
340385
340388
341220
342252
342682
342685
343206
343457
344093
345158
345940
346724
347579
348179
348975
349981
350576
351325
352119
353153
353826
354833
355700
356444
357161
357926
358683
358758
360323
361374
362342
363242
363658
364668
365559
366604
8924
78457
296654
474265
83948
426420
298557
73574
126169
98411
424827
6906
93915
75129
78273
73834
39724
112298
110734
446840
69678
103349
13847
427126
310599
73248
12991
107143
107929
129827
14194
287138
417936
134595
75056
41876
474260
309891
82943
84949
485497
113533
128758
42698
485865
85194
95897
72693
10534
431791
12230
416276
118803
143939
485565
41017
40906
13883
477933
73270
465174
485774
77474
11465
88774
481600
41769
477125
95521
404391
90112
8369
70519
86326
84933
426696
427445
285238
40008
80712
12388
77129
108350
102562
83200
304535
8951
85987
481908
10436
87097
299117
429941
79975
103944
224543
11643
473914
17921
42493
12472
6478
248805
425333
479171
8975
81105
467225
70876
467906
432021
419664
8782
7398
424503
424175
472859
81390
86766
406284
75780
81941
11651
466221
64392
9373
306996
461821
40092
82661
9712
9895
120351
64948
118101
111296
289421
293272
101697
103782
301251
306246
10098
486249
17862
483022
12288
14642
9702
108907
283007
10325
294319
462514
6845
480101
112023
10961
74296
10513
292041
9922
422016
422627
41154
110085
96597
8527
88078
416264
9423
12629
8471
82628
77059
460666
11801
77263
108342
427537
246730
105643
11940
483910
12003
436915
84575
73036
413038
426067
423075
104689
10755
464431
17846
475700
10651
76183
73971
9707
79048
484219
108661
81374
14553
65287
67351
131660
71840
127873
12996
72281
408857
82919
436330
8965
40366
12460
13701
14405
101288
76001
300483
70844
473867
479699
88089
98998
437870
9410
103834
8957
412164
423388
76822
479745
100859
440804
125429
12757
79441
69890
10192
424215
477365
420777
12963
284554
87289
136546
427489
483380
10544
74345
14653
483655
10998
13124
100405
420759
482413
8393
290055
12806
476643
298392
7349
9014
14254
138317
442791
8053
78068
486504
132851
110492
71056
72163
13561
237189
475959
8590
301723
100532
9141
11355
282984
79294
12755
106098
141606
119616
435858
76307
487864
77664
100105
307580
100914
39712
84499
429877
40583
68964
6849
216546
14381
444348
11324
426282
429098
432737
119044
13074
75662
118140
79072
10423
107401
480086
83034
293764
475643
14256
295084
103358
135697
8094
420765
23132
116766
113067
78186
486460
431399
111180
11632
410666
8104
87240
9788
114197
75807
85158
87657
423423
86014
98658
478453
428267
14252
446032
84292
105083
86582
73156
8137
293510
42076
399839
8670
41366
73790
99635
8386
89431
428142
297552
104265
301707
470952
7489
428474
78659
82333
86237
9421
426265
74278
83596
89745
407901
413997
73477
111814
428471
75463
90384
286276
87636
414582
101104
80983
473414
77849
480844
80868
8624
111444
12512
471952
426740
447723
455912
12521
405387
484271
76787
9938
7724
68316
423966
464273
409927
8015
472481
14406
13520
295965
96570
97462
99828
429143
114616
118746
73511
41607
483951
408491
304275
246297
88408
483907
10386
97764
9688
94972
79762
113669
99275
8445
79915
10085
87337
224358
298691
283436
68636
434017
434382
13080
41217
10994
422625
423390
87071
486912
82296
468213
109695
140500
415563
486536
89279
483912
484138
9042
94311
8440
12451
14384
76481
439782
483920
8799
106821
14028
7810
71139
102541
85562
432014
10076
470156
101521
479883
12819
483604
298623
81673
105486
10437
471138
11824
9847
282995
74612
431463
9103
402223
420285
71499
9588
425404
7772
450944
9946
81018
84086
9293
80393
7514
71606
472588
81896
10106
83593
7581
73397
471610
400314
67775
291627
10742
101855
10551
102111
7729
12324
406556
478192
85577
138936
484604
73756
399866
10112
486134
418672
106250
137050
10975
10978
42154
10772
104637
485140
74717
42819
9298
83915
477970
8299
109128
9492
105103
13077
469274
11211
470900
411558
303292
9926
481148
308699
116496
475677
429370
470988
288704
109227
482658
83471
8729
13099
11785
400379
132412
6970
81009
78790
70211
94929
475075
40466
69214
81591
421736
12179
12188
9266
72243
116493
18119
44245
116031
340380
340385
340388
341220
342252
342682
342685
343206
343457
344093
345158
345940
346724
347579
348179
348975
349981
350576
351325
352119
353153
353826
354833
355700
356444
357161
357926
358683
358758
360323
361374
362342
363242
363658
364668
365559
366604
104265
480086
83200
300483
79975
427126
78068
87240
82661
224543
101288
13077
8015
10085
306996
477933
9922
9293
306246
10742
404391
418672
105643
464273
486912
118803
410666
71499
12963
479699
88078
483655
12819
73511
111444
482413
64948
120351
282995
12288
423390
77059
482658
286276
73397
85158
79762
105486
345158
12188
100532
483920
86014
340380
10534
10772
428142
400379
80983
77474
72243
483912
77129
417936
97462
128758
293272
41154
83948
72281
90384
461821
429370
81018
8471
468213
79441
426740
86766
87289
291627
360323
424175
10436
74296
74612
416264
83034
420285
11465
356444
10325
89279
82296
465174
428471
304535
12230
76481
85562
8104
42698
7349
344093
10076
6478
14381
476643
96570
77263
475643
14642
100105
11643
83915
72693
486536
434382
293764
363242
484138
71139
10098
78457
14405
455912
72163
82943
119616
88089
106250
85987
7398
41876
9847
289421
450944
88408
90112
248805
116766
100405
399866
73971
110492
475677
427445
101855
85577
140500
479745
481908
7581
39724
82333
292041
420759
70519
86326
64392
9946
143939
17921
7729
8799
484271
11355
73756
425404
40008
408857
298691
12996
358683
7810
108661
14384
9688
413038
70876
341220
110085
402223
108342
118101
294319
119044
422625
10975
409927
428267
460666
68964
470900
12179
423388
18119
304275
357161
479171
427537
480101
483604
407901
347579
84933
473914
10755
9492
420777
8670
9103
474265
470988
345940
23132
9788
78186
14406
73248
475700
73036
343206
104637
362342
80868
473867
486134
416276
470156
98658
400314
431791
12512
75463
10998
14028
422627
9042
355700
69214
478453
10544
298392
129827
10551
237189
132851
426265
12460
13074
8951
486249
440804
102111
346724
118140
73270
8137
472588
84949
293510
96597
113067
14653
77849
399839
131660
106821
103349
110734
13847
11824
81009
10437
284554
75056
485865
13099
353826
83593
12472
8094
471952
40906
11211
77664
103358
138936
99635
95521
81390
70211
9938
8440
301707
426282
442791
429941
420765
429143
8386
8590
103944
8957
9014
405387
473414
75780
298623
8965
93915
472859
472481
12757
87657
485774
76307
81105
81896
12324
477365
12806
483022
11940
415563
103834
9373
424503
423423
406284
99828
13701
9895
428474
426067
11651
70844
116493
10423
114197
71606
487864
466221
282984
12388
114616
11324
112298
406556
483907
42819
76001
412164
432014
80712
82919
7514
41366
68636
12991
8369
135697
486460
12521
436330
349981
11785
41769
352119
471138
12451
87636
105083
6845
137050
350576
81374
431399
81591
11801
107143
283007
108350
84086
40466
224358
285238
424827
297552
112023
462514
125429
10386
84575
9712
486504
85194
17862
71840
75129
429098
342685
89745
74345
216546
483951
42154
485140
427489
98411
10112
81673
99275
9141
73477
40366
82628
283436
8299
41217
136546
87071
9423
9702
10513
76787
484604
132412
364668
102562
408491
9926
287138
426420
75807
429877
340385
436915
83596
109227
8624
111180
97764
86582
414582
446840
101104
431463
480844
101697
9707
14252
104689
296654
13883
116031
469274
351325
94311
434017
74278
76822
107401
126169
424215
343457
419664
127873
109695
366604
9298
479883
9588
307580
79294
14194
65287
87337
87097
432737
301251
363658
7772
8445
12755
423075
73834
44245
13561
485565
105103
246730
111296
475075
246297
348975
358758
467225
470952
76183
80393
432021
107929
7489
41607
40092
10994
68316
6906
108907
88774
426696
348179
464431
467906
106098
299117
13520
11632
310599
295084
340388
103782
73574
471610
113669
8782
435858
483380
79915
8924
354833
83471
357926
303292
437870
483910
447723
298557
74717
423966
411558
8975
81941
446032
84499
485497
78273
141606
484219
6849
9266
95897
6970
67775
290055
9410
73790
295965
111814
89431
69890
13080
8527
7724
10106
288704
342252
481148
10978
13124
478192
98998
116496
10961
100859
475959
8729
73156
40583
10192
118746
113533
342682
474260
101521
71056
42493
102541
425333
39712
69678
78659
109128
309891
444348
477970
12003
79048
10651
78790
481600
439782
94972
79072
477125
301723
421736
8053
14254
8393
353153
41017
365559
12629
9421
308699
75662
84292
17846
413997
67351
14256
422016
94929
138317
86237
14553
361374
42076
134595
100914
245166
245256
245214
248408
249507
250629
251972
252887
254156
254642
255795
257533
258191
259437
256880
260176
262354
87104
87111
87628
88060
88761
89251
89417
89739
90109
90394
90855
91289
91550
92151
93014
93251
93396
93711
94064
94479
94926
95209
95715
96103
96623
97030
97463
97876
98440
98855
99108
99553
100068
100576
100942
101397
101719
102281
102893
103426
103724
104277
104273
105338
105359
105980
106490
107209
107485
108227
108964
109335
109904
110488
110697
111522
111686
113370
113692
115582
117149
117924
117939
119902
120320
120928
123494
128211
128978
130518
92382
141374
422627
94972
416264
298691
84933
83200
485140
414582
89251
478192
111444
481600
486134
93251
87097
101719
101288
462514
470156
12288
14553
73971
8965
11801
10961
8729
105338
74345
483380
485774
400314
237189
14194
7724
79048
290055
6845
306996
483022
8015
123494
13124
480086
105359
10085
478453
77664
76822
140500
42819
99108
108342
68964
77129
84499
342685
8094
78659
470988
120320
8053
340388
477970
102281
475643
116493
11643
90394
294319
103944
402223
11211
473867
11632
74717
81941
42698
132412
90384
113669
72243
474260
10742
11465
99553
485497
86014
41607
77474
428142
108661
7772
106098
111180
73511
131660
483910
427445
252887
12963
299117
78186
73270
262354
96623
73574
342252
12512
8369
12819
98855
109227
87289
465174
120351
73756
102562
423423
7810
101855
10978
17846
364668
12179
135697
310599
96570
426740
479171
487864
100068
475677
87111
105486
71056
472859
9014
76183
74296
126169
74278
89279
472481
357926
98998
412164
87240
10098
76001
9293
114616
75780
12451
399866
8440
293272
94064
8975
10755
358683
103426
108350
400379
104277
10436
259437
40008
23132
79441
363658
428471
125429
129827
90112
75463
137050
79975
14381
410666
246730
415563
87104
248408
344093
254642
74612
118140
251972
484604
119902
446840
41017
224543
428267
434382
9938
422016
93396
10534
257533
12521
13099
408857
9421
111814
73790
92151
89431
69678
72693
486504
8137
88761
97462
425333
9788
471610
12388
342682
8527
464273
87337
429941
432021
100914
297552
112298
106490
110697
481148
110488
115582
8104
7489
12188
118746
411558
68316
424827
83915
12991
65287
256880
286276
303292
100576
73834
78790
96597
117149
82661
116766
407901
361374
9707
245256
116496
13847
67351
11824
108907
9410
13701
116031
424215
86326
118803
483907
291627
7729
9042
483655
87636
250629
93711
78457
248805
10772
103724
108964
444348
436330
11940
97030
40583
14256
6478
437870
41876
83471
216546
8386
130518
431463
105980
141374
84949
12460
425404
11355
76787
89417
8445
295965
77263
84086
11324
349981
12996
42154
420777
109128
82628
284554
343457
470900
67775
10386
42076
99275
10651
479745
348179
8957
483604
14653
341220
81896
6849
107929
406556
306246
102541
484138
82333
68636
408491
9492
14642
141606
466221
309891
69890
486460
296654
84292
308699
105643
113533
88060
103782
287138
11785
429877
224358
9712
81390
7398
94479
113067
105083
85987
107485
12230
81018
293510
298392
102893
64392
423388
365559
10998
482413
424175
10076
84575
10423
112023
86237
455912
83034
413997
89745
101521
10106
301707
346724
258191
9946
14405
426420
9266
431791
10994
70876
73036
434017
90855
358758
75129
427537
41366
426282
424503
350576
17921
104273
9298
107143
71499
138936
435858
104265
421736
71840
255795
113370
98440
132851
127873
7514
447723
69214
81009
348975
422625
95897
88078
94929
78068
80983
8393
360323
468213
282984
119616
104637
86766
426067
103358
7581
481908
245214
357161
426696
12629
111296
92382
85158
128211
87657
107209
9141
110085
10513
301251
12755
98658
107401
76481
95209
73156
345940
473414
79762
446032
474265
442791
486249
111522
42493
77849
72281
143939
82943
11651
460666
485865
10325
432014
282995
9423
351325
289421
340385
260176
347579
109904
85577
249507
95521
366604
428474
128758
101397
101104
8799
304535
93915
108227
119044
288704
254156
86582
97463
81105
77059
14252
450944
432737
39712
10975
420765
75662
484219
304275
467906
90109
117924
8924
418672
285238
109335
423075
9926
94311
13080
101697
300483
245166
83596
9588
429098
7349
14254
91289
104689
17862
307580
405387
9702
81673
105103
73248
353826
8782
80393
41217
301723
404391
99635
12324
97876
79294
363242
420285
87628
73397
110734
8299
100942
483920
70211
283007
117939
128978
461821
10112
79072
352119
406284
88089
106250
83593
10192
340380
13074
70844
18119
343206
484271
10544
8624
44245
13077
82296
118101
345158
85194
106821
477933
72163
483912
64948
426265
96103
355700
469274
88774
473914
14406
41154
12757
439782
40466
40906
298623
14028
12806
427489
354833
91550
8471
399839
429370
470952
472588
8590
483951
480844
477365
85562
295084
471952
89739
110492
6906
486536
467225
8951
9922
10437
246297
9847
70519
134595
12003
476643
97764
298557
283436
9895
440804
362342
82919
413038
427126
10551
75807
103834
416276
76307
40092
464431
79915
471138
114197
475959
429143
100532
94926
93014
6970
39724
436915
9373
138317
9103
87071
83948
417936
71139
353153
81591
88408
99828
8670
486912
113692
78273
431399
423966
479883
475075
9688
419664
409927
73477
120928
103349
13520
13883
81374
80712
100105
109695
14384
293764
95715
477125
41769
98411
485565
75056
480101
292041
102111
80868
111686
482658
40366
479699
13561
100859
420759
12472
356444
475700
423390
71606
136546
100405
67888
68319
68633
68963
69236
69636
69862
70215
70562
70848
71173
71492
71806
72388
72775
73161
73479
73795
74059
74687
75173
75659
75746
76161
76446
76795
77083
77427
77636
78134
78427
78658
79026
79407
79700
80147
80449
80477
80495
80531
80801
81925
82231
82560
82865
83183
73370
83556
225554
372018
416908
369457
369502
372609
374474
375278
376064
376711
377913
378870
379291
380507
381157
381810
382733
383611
384366
384772
385628
386400
387258
388167
389123
389880
390674
391222
392198
393350
394084
394875
395772
396896
397594
398697
399700
400424
401467
402840
404013
404724
405781
406633
407343
408124
408927
409790
410396
429070
396020
410155
415861
469046
471872
411142
411902
483437
385003
385021
385066
385072
385077
385082
385085
385088
385090
385092
385096
385109
385111
385114
385116
385118
385120
385122
385124
385126
385128
385133
385136
385137
394241
394326
394973
395874
396931
398076
398936
399771
400581
401733
402957
404119
404958
405898
406509
407489
408224
408993
409852
410443
411242
412133
412855
414528
415181
416033
416831
418364
417482
419323
420187
421568
413763
420400
422415
423175
297238
297239
298418
299116
300534
301171
301819
302867
304289
305003
306418
306884
307546
309014
309980
310574
312182
314022
312832
320194
321898
163480
164312
165198
165985
166491
167907
171116
171125
168980
169584
171617
172636
174314
175044
175261
176975
177397
178150
179238
179774
181429
181952
182300
183440
184589
185031
185727
252779
113399
113513
113550
116588
117637
118205
118826
119046
120257
126339
127495
128427
129596
131233
131887
132931
134456
135127
135624
136895
137827
138844
140140
140703
141842
143889
144569
144983
145546
147501
148546
150159
151370
152807
154110
155183
156181
157406
211563
266883
165897
169468
174254
177070
179428
180213
477459
477510
478189
482837
484152
484358
484454
479163
480068
481042
481782
482610
484667
484923
485689
486281
487082
487915
39922
39972
40011
40036
40447
40961
41013
41149
41222
41330
41440
41802
41913
42038
42359
42520
42733
42896
64233
64586
64858
65312
67388
67856
68334
68638
68976
69388
69913
70187
70537
70891
71187
71525
71845
72414
72810
73188
73503
74287
74788
75702
75794
76207
76468
76827
77142
77457
77830
78175
78449
78795
79159
79433
79871
80388
80850
40681
69607
73786
75197
81997
91541
80456
80457
80458
81008
81186
81218
80459
81230
81263
81835
161115
222808
330198
168882
178378
181421
185686
188898
231415
231445
231454
233689
233711
235295
235301
237964
238486
239580
240292
241052
242603
243319
243357
245259
245880
245900
245905
248305
248880
248883
252107
252118
253062
254478
235306
239599
245265
248888
436371
389374
389406
390014
390778
391577
392383
393236
394182
395154
396025
396990
398053
398684
399751
400482
401300
402951
103866
103867
103868
103870
103871
103873
103874
190782
265066
334402
334456
335239
336247
337129
337961
338862
339759
340642
341214
342246
344097
345163
345883
346811
342677
342994
343211
343460
347576
348151
348757
42208
42553
76454
77460
79422
42724
64970
67842
67836
69879
70867
71474
71821
72839
73207
74280
44260
67379
68668
69697
70578
73856
74778
75673
77144
79140
42676
64417
65208
67977
69350
70217
71169
72315
73518
75249
75815
76196
76848
77808
78014
78459
78784
79924
90548
202260
238583
422627
94972
416264
298691
84933
83200
485140
414582
89251
478192
111444
481600
486134
93251
87097
101719
101288
462514
470156
12288
14553
73971
8965
11801
10961
8729
105338
74345
483380
485774
400314
237189
14194
7724
79048
290055
6845
306996
483022
8015
123494
13124
480086
105359
10085
478453
77664
76822
140500
42819
99108
108342
68964
77129
84499
342685
8094
78659
470988
120320
8053
340388
477970
102281
475643
116493
11643
90394
294319
103944
402223
11211
473867
11632
74717
81941
42698
132412
90384
113669
72243
474260
10742
11465
99553
485497
86014
41607
77474
428142
108661
7772
106098
111180
73511
131660
483910
427445
252887
12963
299117
78186
73270
262354
96623
73574
342252
12512
8369
12819
98855
109227
87289
465174
120351
73756
102562
423423
7810
101855
10978
17846
364668
12179
135697
310599
96570
426740
479171
487864
100068
475677
87111
105486
71056
472859
9014
76183
74296
126169
74278
89279
472481
357926
98998
412164
87240
10098
76001
9293
114616
75780
12451
399866
8440
293272
94064
8975
10755
358683
103426
108350
400379
104277
10436
259437
40008
23132
79441
363658
428471
125429
129827
90112
75463
137050
79975
14381
410666
246730
415563
87104
248408
344093
254642
74612
118140
251972
484604
119902
446840
41017
224543
428267
434382
9938
422016
93396
10534
257533
12521
13099
408857
9421
111814
73790
92151
89431
69678
72693
486504
8137
88761
97462
425333
9788
471610
12388
342682
8527
464273
87337
429941
432021
100914
297552
112298
106490
110697
481148
110488
115582
8104
7489
12188
118746
411558
68316
424827
83915
12991
65287
256880
286276
303292
100576
73834
78790
96597
117149
82661
116766
407901
361374
9707
245256
116496
13847
67351
11824
108907
9410
13701
116031
424215
86326
118803
483907
291627
7729
9042
483655
87636
250629
93711
78457
248805
10772
103724
108964
444348
436330
11940
97030
40583
14256
6478
437870
41876
83471
216546
8386
130518
431463
105980
141374
84949
12460
425404
11355
76787
89417
8445
295965
77263
84086
11324
349981
12996
42154
420777
109128
82628
284554
343457
470900
67775
10386
42076
99275
10651
479745
348179
8957
483604
14653
341220
81896
6849
107929
406556
306246
102541
484138
82333
68636
408491
9492
14642
141606
466221
309891
69890
486460
296654
84292
308699
105643
113533
88060
103782
287138
11785
429877
224358
9712
81390
7398
94479
113067
105083
85987
107485
12230
81018
293510
298392
102893
64392
423388
365559
10998
482413
424175
10076
84575
10423
112023
86237
455912
83034
413997
89745
101521
10106
301707
346724
258191
9946
14405
426420
9266
431791
10994
70876
73036
434017
90855
358758
75129
427537
41366
426282
424503
350576
17921
104273
9298
107143
71499
138936
435858
104265
421736
71840
255795
113370
98440
132851
127873
7514
447723
69214
81009
348975
422625
95897
88078
94929
78068
80983
8393
360323
468213
282984
119616
104637
86766
426067
103358
7581
481908
245214
357161
426696
12629
111296
92382
85158
128211
87657
107209
9141
110085
10513
301251
12755
98658
107401
76481
95209
73156
345940
473414
79762
446032
474265
442791
486249
111522
42493
77849
72281
143939
82943
11651
460666
485865
10325
432014
282995
9423
351325
289421
340385
260176
347579
109904
85577
249507
95521
366604
428474
128758
101397
101104
8799
304535
93915
108227
119044
288704
254156
86582
97463
81105
77059
14252
450944
432737
39712
10975
420765
75662
484219
304275
467906
90109
117924
8924
418672
285238
109335
423075
9926
94311
13080
101697
300483
245166
83596
9588
429098
7349
14254
91289
104689
17862
307580
405387
9702
81673
105103
73248
353826
8782
80393
41217
301723
404391
99635
12324
97876
79294
363242
420285
87628
73397
110734
8299
100942
483920
70211
283007
117939
128978
461821
10112
79072
352119
406284
88089
106250
83593
10192
340380
13074
70844
18119
343206
484271
10544
8624
44245
13077
82296
118101
345158
85194
106821
477933
72163
483912
64948
426265
96103
355700
469274
88774
473914
14406
41154
12757
439782
40466
40906
298623
14028
12806
427489
354833
91550
8471
399839
429370
470952
472588
8590
483951
480844
477365
85562
295084
471952
89739
110492
6906
486536
467225
8951
9922
10437
246297
9847
70519
134595
12003
476643
97764
298557
283436
9895
440804
362342
82919
413038
427126
10551
75807
103834
416276
76307
40092
464431
79915
471138
114197
475959
429143
100532
94926
93014
6970
39724
436915
9373
138317
9103
87071
83948
417936
71139
353153
81591
88408
99828
8670
486912
113692
78273
431399
423966
479883
475075
9688
419664
409927
73477
120928
103349
13520
13883
81374
80712
100105
109695
14384
293764
95715
477125
41769
98411
485565
75056
480101
292041
102111
80868
111686
482658
40366
479699
13561
100859
420759
12472
356444
475700
423390
71606
136546
100405
67888
68319
68633
68963
69236
69636
69862
70215
70562
70848
71173
71492
71806
72388
72775
73161
73479
73795
74059
74687
75173
75659
75746
76161
76446
76795
77083
77427
77636
78134
78427
78658
79026
79407
79700
80147
80449
80477
80495
80531
80801
81925
82231
82560
82865
83183
73370
83556
225554
372018
416908
369457
369502
372609
374474
375278
376064
376711
377913
378870
379291
380507
381157
381810
382733
383611
384366
384772
385628
386400
387258
388167
389123
389880
390674
391222
392198
393350
394084
394875
395772
396896
397594
398697
399700
400424
401467
402840
404013
404724
405781
406633
407343
408124
408927
409790
410396
429070
396020
410155
415861
469046
471872
411142
411902
483437
385003
385021
385066
385072
385077
385082
385085
385088
385090
385092
385096
385109
385111
385114
385116
385118
385120
385122
385124
385126
385128
385133
385136
385137
394241
394326
394973
395874
396931
398076
398936
399771
400581
401733
402957
404119
404958
405898
406509
407489
408224
408993
409852
410443
411242
412133
412855
414528
415181
416033
416831
418364
417482
419323
420187
421568
413763
420400
422415
423175
297238
297239
298418
299116
300534
301171
301819
302867
304289
305003
306418
306884
307546
309014
309980
310574
312182
314022
312832
320194
321898
163480
164312
165198
165985
166491
167907
171116
171125
168980
169584
171617
172636
174314
175044
175261
176975
177397
178150
179238
179774
181429
181952
182300
183440
184589
185031
185727
252779
113399
113513
113550
116588
117637
118205
118826
119046
120257
126339
127495
128427
129596
131233
131887
132931
134456
135127
135624
136895
137827
138844
140140
140703
141842
143889
144569
144983
145546
147501
148546
150159
151370
152807
154110
155183
156181
157406
211563
266883
165897
169468
174254
177070
179428
180213
477459
477510
478189
482837
484152
484358
484454
479163
480068
481042
481782
482610
484667
484923
485689
486281
487082
487915
39922
39972
40011
40036
40447
40961
41013
41149
41222
41330
41440
41802
41913
42038
42359
42520
42733
42896
64233
64586
64858
65312
67388
67856
68334
68638
68976
69388
69913
70187
70537
70891
71187
71525
71845
72414
72810
73188
73503
74287
74788
75702
75794
76207
76468
76827
77142
77457
77830
78175
78449
78795
79159
79433
79871
80388
80850
40681
69607
73786
75197
81997
91541
80456
80457
80458
81008
81186
81218
80459
81230
81263
81835
161115
222808
330198
168882
178378
181421
185686
188898
231415
231445
231454
233689
233711
235295
235301
237964
238486
239580
240292
241052
242603
243319
243357
245259
245880
245900
245905
248305
248880
248883
252107
252118
253062
254478
235306
239599
245265
248888
436371
389374
389406
390014
390778
391577
392383
393236
394182
395154
396025
396990
398053
398684
399751
400482
401300
402951
103866
103867
103868
103870
103871
103873
103874
190782
265066
334402
334456
335239
336247
337129
337961
338862
339759
340642
341214
342246
344097
345163
345883
346811
342677
342994
343211
343460
347576
348151
348757
42208
42553
76454
77460
79422
42724
64970
67842
67836
69879
70867
71474
71821
72839
73207
74280
44260
67379
68668
69697
70578
73856
74778
75673
77144
79140
42676
64417
65208
67977
69350
70217
71169
72315
73518
75249
75815
76196
76848
77808
78014
78459
78784
79924
90548
202260
238583
120351
136895
243357
345163
353153
87071
434017
64586
486504
77830
81105
84499
343211
110734
484923
119044
111180
10755
481148
360323
78658
141606
88408
10998
75746
409790
87111
174314
237964
42359
408491
428471
72839
73503
254478
74287
434382
68633
69636
113513
154110
74717
407343
387258
418364
100576
285238
413038
104273
299116
69388
78014
75129
381157
14653
172636
394973
11651
404391
71474
64233
6849
85194
8975
83948
69862
300534
6970
12472
72315
71056
42154
138844
301251
351325
17921
75662
40008
114197
97764
108350
116031
8729
12388
7772
473414
81591
8445
143939
385066
10098
348151
481908
9266
73479
235306
483655
79915
73971
93396
113370
12003
71139
113399
8369
98855
81186
314022
69678
42493
12230
132851
394326
108661
9702
404119
484219
334456
71840
84575
465174
73790
377913
141842
429143
86326
408993
305003
398936
310574
108964
96570
469274
105643
411558
10961
76787
82231
71499
396896
482413
41217
414528
10551
348975
352119
356444
40447
414582
41154
282995
7581
93014
120928
385120
437870
185727
10534
64970
76481
140140
296654
82333
388167
39972
71187
69214
68319
389374
246297
76161
476643
81018
248880
385128
81390
432737
253062
391577
484604
14406
467225
110085
398684
81673
150159
147501
41013
106098
306996
426067
393236
70876
10994
399700
74788
79924
11211
90548
283436
427126
115582
429070
282984
79700
405898
297552
111814
12806
140500
12819
252779
321898
93915
306884
411902
75249
384366
82296
442791
407901
101719
410155
75815
245166
78134
97030
357161
168882
9293
119902
76454
75673
6845
74612
83200
118140
478192
9042
81009
77083
287138
7729
10423
144983
41149
75197
396025
446840
484271
135624
404724
94929
304535
92151
83593
123494
167907
470952
100914
9423
12991
73270
80388
9410
13883
455912
426696
10076
14028
119046
105486
91289
342685
75056
420400
72243
79441
485497
88774
81835
385085
8951
342677
103866
12757
10651
427489
104637
79433
420765
73574
446032
128758
345158
10772
67856
89739
84292
295084
363658
80147
301171
224543
257533
74687
405387
11785
307580
12451
406556
117637
135127
103868
70844
71169
400314
179774
309980
70562
42724
471138
410666
392198
103349
389880
435858
184589
79422
412133
242603
73834
71173
469046
423075
483437
42733
475677
68334
390778
320194
67775
343460
245256
77636
14553
13080
131233
103724
103874
385116
14194
464431
76183
467906
8053
410443
120257
487082
245905
422627
104689
129827
84933
118803
412164
74345
102281
416908
346811
40906
72693
12521
450944
383611
179428
65208
8104
12324
79762
87240
90109
307546
240292
88078
94064
310599
432021
181429
73161
486460
9938
10325
67351
484358
283007
78795
404958
8624
42819
385082
308699
398076
40366
472859
78459
68964
420285
266883
389406
103873
13077
132412
117149
107929
74059
76827
100405
70867
415181
484152
483920
298557
10975
385109
40681
64417
7810
286276
181421
76196
64392
76468
6478
302867
103871
8299
81896
100859
8965
402223
77664
85562
482610
156181
73477
468213
171125
185686
486912
390014
462514
395874
103426
298418
400379
110492
42038
42520
340388
479171
10112
415563
301819
78659
39922
118101
477970
9103
103944
104277
14256
470900
41913
475700
480068
336247
169468
478189
245265
392383
67836
239599
421568
477125
294319
480086
429098
380507
69913
101855
41440
413997
252107
483910
79159
485565
353826
180213
9895
80850
128978
65287
95521
9926
416033
89251
337961
7724
101397
110488
103867
171116
128211
80393
78449
233711
95897
401300
342246
79072
11632
42208
68636
74278
94311
71806
398697
384772
176975
436330
416831
17862
87104
82560
14254
334402
92382
113669
99828
9421
78427
145546
238583
177397
42076
102893
424215
83183
369457
395772
406633
297238
137827
68976
483604
73795
77144
73248
13099
393350
245880
87289
348179
80531
65312
289421
385137
408224
262354
8799
426282
358758
91550
116588
41366
14384
243319
401467
188898
102111
42896
428142
74296
408857
299117
386400
14405
7514
480844
376064
481782
69879
113692
379291
411242
72414
344097
436915
70519
235295
79140
112298
70578
431463
7489
293272
473914
78068
79294
79407
405781
151370
340385
178150
422016
481042
166491
10978
330198
87097
109128
385111
416264
369502
94972
102562
70211
341220
406509
42698
343457
13847
164312
183440
224358
73786
259437
237189
345883
12963
11824
72163
11355
483907
422625
82943
10742
83034
416276
83915
93251
396020
298623
12179
107209
481600
385118
131887
69890
125429
72810
440804
111296
75794
81925
12755
79026
105359
202260
127495
400482
9588
10192
96103
238486
190782
8670
365559
98658
71606
480101
177070
67842
86766
385096
483380
293764
168980
235301
389123
406284
426265
348757
86014
13561
77427
109695
398053
89279
12288
113067
258191
357926
152807
111522
79871
79975
399751
312832
40092
337129
231415
101288
376711
9847
249507
385133
12188
423390
479883
107401
11643
75659
175261
39724
76822
98998
11940
436371
73156
9922
112023
9707
82628
8782
141374
390674
9014
408124
68638
70891
109227
431399
471610
70187
83596
464273
248888
485865
87337
69236
304289
8527
338862
427537
394084
73036
81941
82661
105338
179238
394182
86582
472588
225554
355700
40036
385126
447723
394241
10386
182300
241052
102541
255795
99635
474260
67977
385088
340380
343206
107143
485140
89417
345940
410396
13701
10085
40961
484667
171617
67388
364668
361374
81008
80459
231454
110697
77808
460666
419323
69697
67379
157406
482658
116493
78784
138936
288704
136546
79048
89745
14381
479699
155183
71845
109335
75780
341214
80868
85158
39712
8015
95715
265066
9946
10437
103358
6906
78273
340642
74280
413763
472481
113533
97876
77460
293510
85577
250629
254156
374474
372609
118746
134456
292041
485774
138317
77263
418672
211563
75463
421736
7398
90394
82865
185031
402951
429941
306246
78457
40011
116496
12512
344093
11324
411142
231445
394875
8094
471952
64948
366604
71492
91541
298691
429877
99108
87657
222808
347579
127873
80477
73370
399771
254642
135697
402957
396990
82919
8957
248883
83556
342252
81374
399866
397594
84086
479745
8590
245259
105980
375278
72281
118205
41607
86237
99553
385090
80457
395154
73518
78186
72388
77457
295965
10513
108907
473867
477510
466221
41802
444348
105083
174254
129596
487915
41017
362342
8137
9373
298392
486249
78790
424175
429370
101697
439782
18119
342682
391222
107485
17846
407489
248305
88089
260176
74778
9788
301723
77129
9712
423966
105103
290055
470988
111686
13124
312182
132931
94926
98411
284554
73188
131660
401733
103834
349981
103870
93711
10436
178378
77474
77849
88761
402840
251972
12460
426740
12629
165985
96597
335239
42553
165897
485689
487864
68963
70848
306418
297239
11801
400424
134595
76795
477933
408927
41769
87636
73856
417936
41330
484138
108342
8471
94479
483951
396931
44260
303292
73397
471872
71821
424503
128427
425333
475643
69607
419664
77059
399839
479163
76307
144569
109904
97463
100068
385021
96623
486134
80801
118826
354833
385077
363242
104265
97462
113550
477459
103782
41222
76207
233689
100105
14252
68316
119616
423423
111444
175044
78175
140703
428474
117939
7349
126169
10106
256880
483912
475075
216546
10544
126339
409927
70217
44245
412855
117924
385072
76848
90384
80449
169584
41876
427445
101104
239580
13520
9492
9688
98440
470156
381810
8386
90112
385003
23132
84949
431791
116766
80495
130518
143889
482837
42676
69350
67888
80983
80712
486536
76446
161115
486281
40583
100532
378870
300483
246730
483022
417482
424827
347576
76001
165198
245900
14642
73756
64858
85987
114616
88060
382733
80458
423388
73511
385136
385122
385092
108227
420187
181952
8393
248408
400581
385628
484454
81218
106490
163480
73207
358683
83471
309891
81263
8440
477365
426420
148546
350576
420759
95209
304275
245214
71525
77142
252118
474265
372018
339759
248805
89431
120320
40466
11465
423175
309014
81230
342994
70537
75702
81997
432014
301707
75807
68668
106250
80456
9141
75173
415861
409852
422415
12996
100942
404013
461821
385114
106821
425404
385124
291627
13074
420777
99275
346724
87628
428267
90855
72775
478453
8924
475959
9298
252887
70215
101521
137050
120351
136895
243357
345163
353153
87071
434017
64586
486504
77830
81105
84499
343211
110734
484923
119044
111180
10755
481148
360323
78658
141606
88408
10998
75746
409790
87111
174314
237964
42359
408491
428471
72839
73503
254478
74287
434382
68633
69636
113513
154110
74717
407343
387258
418364
100576
285238
413038
104273
299116
69388
78014
75129
381157
14653
172636
394973
11651
404391
71474
64233
6849
85194
8975
83948
69862
300534
6970
12472
72315
71056
42154
138844
301251
351325
17921
75662
40008
114197
97764
108350
116031
8729
12388
7772
473414
81591
8445
143939
385066
10098
348151
481908
9266
73479
235306
483655
79915
73971
93396
113370
12003
71139
113399
8369
98855
81186
314022
69678
42493
12230
132851
394326
108661
9702
404119
484219
334456
71840
84575
465174
73790
377913
141842
429143
86326
408993
305003
398936
310574
108964
96570
469274
105643
411558
10961
76787
82231
71499
396896
482413
41217
414528
10551
348975
352119
356444
40447
414582
41154
282995
7581
93014
120928
385120
437870
185727
10534
64970
76481
140140
296654
82333
388167
39972
71187
69214
68319
389374
246297
76161
476643
81018
248880
385128
81390
432737
253062
391577
484604
14406
467225
110085
398684
81673
150159
147501
41013
106098
306996
426067
393236
70876
10994
399700
74788
79924
11211
90548
283436
427126
115582
429070
282984
79700
405898
297552
111814
12806
140500
12819
252779
321898
93915
306884
411902
75249
384366
82296
442791
407901
101719
410155
75815
245166
78134
97030
357161
168882
9293
119902
76454
75673
6845
74612
83200
118140
478192
9042
81009
77083
287138
7729
10423
144983
41149
75197
396025
446840
484271
135624
404724
94929
304535
92151
83593
123494
167907
470952
100914
9423
12991
73270
80388
9410
13883
455912
426696
10076
14028
119046
105486
91289
342685
75056
420400
72243
79441
485497
88774
81835
385085
8951
342677
103866
12757
10651
427489
104637
79433
420765
73574
446032
128758
345158
10772
67856
89739
84292
295084
363658
80147
301171
224543
257533
74687
405387
11785
307580
12451
406556
117637
135127
103868
70844
71169
400314
179774
309980
70562
42724
471138
410666
392198
103349
389880
435858
184589
79422
412133
242603
73834
71173
469046
423075
483437
42733
475677
68334
390778
320194
67775
343460
245256
77636
14553
13080
131233
103724
103874
385116
14194
464431
76183
467906
8053
410443
120257
487082
245905
422627
104689
129827
84933
118803
412164
74345
102281
416908
346811
40906
72693
12521
450944
383611
179428
65208
8104
12324
79762
87240
90109
307546
240292
88078
94064
310599
432021
181429
73161
486460
9938
10325
67351
484358
283007
78795
404958
8624
42819
385082
308699
398076
40366
472859
78459
68964
420285
266883
389406
103873
13077
132412
117149
107929
74059
76827
100405
70867
415181
484152
483920
298557
10975
385109
40681
64417
7810
286276
181421
76196
64392
76468
6478
302867
103871
8299
81896
100859
8965
402223
77664
85562
482610
156181
73477
468213
171125
185686
486912
390014
462514
395874
103426
298418
400379
110492
42038
42520
340388
479171
10112
415563
301819
78659
39922
118101
477970
9103
103944
104277
14256
470900
41913
475700
480068
336247
169468
478189
245265
392383
67836
239599
421568
477125
294319
480086
429098
380507
69913
101855
41440
413997
252107
483910
79159
485565
353826
180213
9895
80850
128978
65287
95521
9926
416033
89251
337961
7724
101397
110488
103867
171116
128211
80393
78449
233711
95897
401300
342246
79072
11632
42208
68636
74278
94311
71806
398697
384772
176975
436330
416831
17862
87104
82560
14254
334402
92382
113669
99828
9421
78427
145546
238583
177397
42076
102893
424215
83183
369457
395772
406633
297238
137827
68976
483604
73795
77144
73248
13099
393350
245880
87289
348179
80531
65312
289421
385137
408224
262354
8799
426282
358758
91550
116588
41366
14384
243319
401467
188898
102111
42896
428142
74296
408857
299117
386400
14405
7514
480844
376064
481782
69879
113692
379291
411242
72414
344097
436915
70519
235295
79140
112298
70578
431463
7489
293272
473914
78068
79294
79407
405781
151370
340385
178150
422016
481042
166491
10978
330198
87097
109128
385111
416264
369502
94972
102562
70211
341220
406509
42698
343457
13847
164312
183440
224358
73786
259437
237189
345883
12963
11824
72163
11355
483907
422625
82943
10742
83034
416276
83915
93251
396020
298623
12179
107209
481600
385118
131887
69890
125429
72810
440804
111296
75794
81925
12755
79026
105359
202260
127495
400482
9588
10192
96103
238486
190782
8670
365559
98658
71606
480101
177070
67842
86766
385096
483380
293764
168980
235301
389123
406284
426265
348757
86014
13561
77427
109695
398053
89279
12288
113067
258191
357926
152807
111522
79871
79975
399751
312832
40092
337129
231415
101288
376711
9847
249507
385133
12188
423390
479883
107401
11643
75659
175261
39724
76822
98998
11940
436371
73156
9922
112023
9707
82628
8782
141374
390674
9014
408124
68638
70891
109227
431399
471610
70187
83596
464273
248888
485865
87337
69236
304289
8527
338862
427537
394084
73036
81941
82661
105338
179238
394182
86582
472588
225554
355700
40036
385126
447723
394241
10386
182300
241052
102541
255795
99635
474260
67977
385088
340380
343206
107143
485140
89417
345940
410396
13701
10085
40961
484667
171617
67388
364668
361374
81008
80459
231454
110697
77808
460666
419323
69697
67379
157406
482658
116493
78784
138936
288704
136546
79048
89745
14381
479699
155183
71845
109335
75780
341214
80868
85158
39712
8015
95715
265066
9946
10437
103358
6906
78273
340642
74280
413763
472481
113533
97876
77460
293510
85577
250629
254156
374474
372609
118746
134456
292041
485774
138317
77263
418672
211563
75463
421736
7398
90394
82865
185031
402951
429941
306246
78457
40011
116496
12512
344093
11324
411142
231445
394875
8094
471952
64948
366604
71492
91541
298691
429877
99108
87657
222808
347579
127873
80477
73370
399771
254642
135697
402957
396990
82919
8957
248883
83556
342252
81374
399866
397594
84086
479745
8590
245259
105980
375278
72281
118205
41607
86237
99553
385090
80457
395154
73518
78186
72388
77457
295965
10513
108907
473867
477510
466221
41802
444348
105083
174254
129596
487915
41017
362342
8137
9373
298392
486249
78790
424175
429370
101697
439782
18119
342682
391222
107485
17846
407489
248305
88089
260176
74778
9788
301723
77129
9712
423966
105103
290055
470988
111686
13124
312182
132931
94926
98411
284554
73188
131660
401733
103834
349981
103870
93711
10436
178378
77474
77849
88761
402840
251972
12460
426740
12629
165985
96597
335239
42553
165897
485689
487864
68963
70848
306418
297239
11801
400424
134595
76795
477933
408927
41769
87636
73856
417936
41330
484138
108342
8471
94479
483951
396931
44260
303292
73397
471872
71821
424503
128427
425333
475643
69607
419664
77059
399839
479163
76307
144569
109904
97463
100068
385021
96623
486134
80801
118826
354833
385077
363242
104265
97462
113550
477459
103782
41222
76207
233689
100105
14252
68316
119616
423423
111444
175044
78175
140703
428474
117939
7349
126169
10106
256880
483912
475075
216546
10544
126339
409927
70217
44245
412855
117924
385072
76848
90384
80449
169584
41876
427445
101104
239580
13520
9492
9688
98440
470156
381810
8386
90112
385003
23132
84949
431791
116766
80495
130518
143889
482837
42676
69350
67888
80983
80712
486536
76446
161115
486281
40583
100532
378870
300483
246730
483022
417482
424827
347576
76001
165198
245900
14642
73756
64858
85987
114616
88060
382733
80458
423388
73511
385136
385122
385092
108227
420187
181952
8393
248408
400581
385628
484454
81218
106490
163480
73207
358683
83471
309891
81263
8440
477365
426420
148546
350576
420759
95209
304275
245214
71525
77142
252118
474265
372018
339759
248805
89431
120320
40466
11465
423175
309014
81230
342994
70537
75702
81997
432014
301707
75807
68668
106250
80456
9141
75173
415861
409852
422415
12996
100942
404013
461821
385114
106821
425404
385124
291627
13074
420777
99275
346724
87628
428267
90855
72775
478453
8924
475959
9298
252887
70215
101521
137050
